500
502
504
503
504
505
505
504
504
502
504
506
508
508
510
511
510
509
509
510
509
510
512
514
514
512
512
513
514
515
515
516
516
514
513
514
515
513
514
514
514
514
515
516
515
515
517
520
521
521
520
522
521
523
523
522
521
523
524
524
525
526
528
528
528
528
529
529
530
530
531
531
530
531
532
533
533
534
535
536
535
535
535
535
536
538
539
538
538
539
537
537
538
538
539
538
539
541
542
542
542
545
544
545
545
547
546
547
548
547
546
547
546
545
545
545
545
546
547
548
549
549
550
550
551
551
552
552
552
553
553
553
551
552
551
552
552
553
553
552
552
552
553
552
552
552
552
552
553
553
553
553
555
556
556
558
557
558
559
560
561
561
561
563
563
563
563
563
564
564
564
565
564
564
564
563
562
562
563
563
563
564
564
562
563
564
565
565
564
564
565
565
564
564
564
563
562
562
562
564
565
565
564
564
564
565
565
565
565
564
564
562
563
565
565
564
563
563
564
564
565
566
566
566
566
567
568
568
566
567
567
567
568
568
568
569
569
568
568
567
567
567
568
568
567
567
568
568
569
569
569
569
570
569
570
569
570
570
571
571
572
571
571
571
570
570
569
569
568
568
568
568
569
568
569
568
568
569
568
568
568
568
568
568
569
570
570
570
570
570
571
570
570
571
571
571
572
572
572
572
573
572
572
572
571
572
572
572
571
571
570
570
571
571
571
572
571
572
572
572
572
572
573
573
573
574
574
574
574
573
573
573
573
573
573
574
575
575
575
574
575
575
575
576
576
575
575
575
575
575
576
577
576
577
577
577
577
577
577
577
577
577
577
577
577
577
577
576
576
576
576
577
576
576
577
576
577
578
578
579
579
579
580
579
579
579
580
579
579
580
580
580
579
579
579
579
580
580
580
579
580
580
581
580
580
581
581
581
581
580
580
579
579
580
580
580
580
580
580
581
581
581
580
580
580
580
580
580
580
581
581
581
580
580
580
580
580
580
579
579
579
580
580
580
581
581
581
582
582
582
582
582
582
582
582
582
582
582
582
582
582
582
582
583
583
583
583
584
584
584
584
584
584
584
584
585
585
585
585
585
586
585
585
586
586
586
587
586
587
587
586
586
586
586
586
586
586
586
586
586
586
586
586
586
586
586
586
586
586
586
586
587
587
587
587
586
587
586
587
587
587
587
587
587
587
587
587
587
586
587
587
587
587
587
587
587
587
587
587
587
587
587
588
587
588
587
588
588
588
588
588
588
588
588
587
588
588
588
588
588
588
588
588
588
587
588
588
588
588
588
587
587
587
587
587
588
588
588
588
588
588
588
587
587
587
587
587
587
587
587
586
586
586
586
586
587
587
587
587
587
587
587
587
587
587
587
587
588
587
587
587
588
587
587
587
587
588
588
587
587
587
587
587
587
588
587
588
587
588
587
587
587
587
587
587
587
587
587
587
587
587
587
587
587
587
587
587
587
587
587
587
587
587
587
587
587
587
587
588
588
588
588
587
587
587
587
587
587
587
587
587
587
587
587
587
587
587
587
587
587
587
587
587
587
587
587
587
587
587
587
587
587
587
587
587
587
587
588
587
587
588
588
588
588
588
588
588
588
588
588
588
588
588
588
587
587
587
587
587
587
587
587
588
588
588
588
588
588
588
588
588
588
587
587
587
587
587
587
587
587
587
587
587
587
587
587
587
587
587
587
587
587
587
588
587
587
587
587
588
588
588
588
588
588
588
588
588
588
588
588
588
588
588
588
588
588
588
588
588
588
588
588
588
588
588
588
588
588
588
588
588
588
588
588
588
588
588
588
588
588
588
588
588
588
588
588
588
588
588
588
588
588
588
588
588
588
588
588
588
588
588
588
588
588
588
588
587
588
587
588
587
587
587
587
587
587
588
588
588
588
588
588
588
588
588
588
588
588
588
588
588
588
588
588
588
588
588
588
588
588
588
588
588
588
588
588
588
588
588
588
588
588
588
588
588
588
588
588
588
588
588
588
588
589
588
589
589
589
589
589
589
589
589
588
588
588
588
588
588
588
588
588
588
588
588
588
588
588
588
588
588
588
588
588
588
588
588
588
588
588
588
588
588
588
588
588
588
588
588
588
588
588
588
588
588
588
588
588
588
588
588
588
588
588
588
588
588
588
588
588
588
588
588
588
588
588
588
588
588
588
588
588
588
588
588
588
588
588
588
588
588
588
588
588
588
588
588
588
588
588
588
588
588
588
588
588
588
588
588
588
588
588
588
588
588
588
588
588
588
588
588
588
588
588
588
588
588
588
588
588
588
588
588
588
588
588
588
588
588
588
588
588
588
588
588
588
588
588
588
588
588
588
588
588
588
588
588
588
588
588
588
588
588
588
588
588
588
588
588
588
587
587
587
588
587
588
588
588
588
588
588
588
588
588
588
588
588
588
588
588
588
588
588
588
588
588
588
588
588
588
588
587
587
587
587
587
587
587
587
587
587
587
587
587
587
587
587
587
587
587
587
587
587
587
587
587
587
587
587
587
587
587
587
587
587
587
587
587
587
587
587
587
587
587
587
587
587
587
587
587
587
587
587
587
587
587
587
587
587
587
587
587
587
587
587
587
587
587
587
587
587
587
587
587
587
587
587
587
587
587
587
587
587
587
587
587
587
587
587
587
587
587
587
587
587
587
587
587
587
587
587
587
587
587
587
587
587
587
587
587
587
587
587
587
587
587
587
587
587
587
587
587
587
587
587
587
587
587
587
587
587
587
587
587
587
587
587
587
587
587
587
587
587
587
587
587
587
587
587
587
587
587
587
587
587
587
587
587
587
587
587
587
587
587
587
587
587
587
587
587
587
587
587
587
587
587
587
587
587
587
587
587
587
587
587
587
587
587
587
587
587
587
587
587
587
587
587
587
587
587
587
587
587
587
587
587
587
587
587
587
587
587
587
587
587
587
587
587
587
587
587
587
587
587
587
587
587
587
587
587
587
587
587
587
587
587
587
587
587
587
587
587
587
587
587
587
587
587
587
587
587
587
587
587
587
587
587
587
587
587
587
587
587
587
587
587
587
587
587
587
587
587
587
587
587
587
587
587
587
587
587
587
587
587
587
587
587
587
587
587
587
587
587
587
587
587
587
587
587
587
587
587
587
587
587
587
587
587
587
587
587
587
587
587
587
587
587
