538
532
532
541
550
559
543
549
550
535
538
546
555
543
548
550
554
553
542
537
550
562
546
555
552
548
548
551
548
541
549
552
549
545
561
552
551
567
539
542
548
544
548
545
550
540
550
558
546
555
548
557
549
551
547
545
547
555
564
552
560
556
558
566
564
563
571
570
558
567
568
558
555
557
557
560
574
565
570
565
558
558
567
562
572
565
569
564
566
573
562
560
565
569
573
568
572
571
567
567
564
567
568
566
573
573
577
577
573
579
573
573
576
575
574
576
569
578
575
573
576
571
576
581
576
580
581
581
572
583
583
577
582
576
581
580
586
581
574
582
569
573
573
574
575
574
574
574
583
577
583
584
590
586
580
582
586
582
582
585
584
588
581
580
584
584
579
586
591
581
587
588
587
590
589
588
586
585
586
585
589
589
592
583
587
583
589
596
593
585
581
587
581
587
583
585
577
586
585
587
584
584
586
582
585
585
596
587
586
586
584
581
589
592
588
590
577
580
585
581
583
586
580
586
582
589
584
583
583
586
588
582
589
584
587
586
586
589
592
588
585
585
589
586
582
583
583
585
585
585
588
589
587
586
588
586
588
586
590
595
588
590
588
587
589
584
586
584
584
593
587
584
585
584
585
585
592
581
583
585
584
587
585
585
583
583
584
587
586
587
585
584
588
590
589
585
586
585
588
589
589
586
586
588
591
587
586
590
588
586
585
589
587
585
582
584
585
586
589
592
588
589
587
587
585
585
588
590
589
590
589
585
586
585
585
586
591
591
587
591
589
590
588
594
591
590
586
590
588
592
593
595
588
591
593
591
590
588
588
589
590
588
587
591
590
590
588
589
589
589
587
590
586
590
588
588
592
589
589
591
592
590
589
590
590
590
594
592
588
590
592
596
594
591
591
590
597
591
590
592
590
593
593
594
591
591
591
590
592
590
591
590
588
588
590
589
591
591
589
592
590
591
589
589
589
590
590
590
590
592
592
593
594
589
590
589
591
588
590
587
586
588
589
588
592
592
592
591
590
592
589
589
590
593
593
592
590
591
589
593
594
591
592
593
592
591
592
593
593
592
593
594
595
592
594
592
592
593
594
592
595
594
592
593
596
592
596
594
593
594
593
594
595
594
593
593
592
592
592
593
593
592
593
592
591
591
592
592
592
593
593
592
593
596
593
595
593
593
595
594
592
593
593
594
593
592
593
593
593
591
591
592
592
593
594
594
593
593
593
592
592
594
593
593
592
593
595
594
593
593
594
593
592
595
593
593
593
593
593
594
594
594
593
593
593
592
592
593
592
593
593
592
594
592
592
593
593
593
593
594
594
594
593
593
592
593
591
592
591
592
592
591
592
591
592
592
591
593
593
592
592
592
593
592
592
593
593
592
593
592
593
592
592
592
592
591
591
591
591
592
592
592
593
592
591
591
592
592
592
593
593
592
591
591
592
592
592
591
591
591
591
591
592
592
592
592
591
592
591
592
592
592
591
592
591
593
592
593
592
593
592
592
591
592
591
592
594
592
592
593
592
591
592
591
591
592
592
591
591
591
591
592
591
591
591
590
590
593
591
591
591
592
592
592
592
591
592
592
593
593
591
592
593
592
592
592
593
592
593
593
592
591
591
592
592
591
591
592
592
591
591
592
592
592
592
592
592
592
591
591
592
593
591
591
592
591
592
592
592
591
591
591
592
591
591
591
591
590
591
591
591
591
591
591
590
591
591
591
591
591
591
591
591
591
591
592
592
592
592
592
590
591
591
592
591
592
591
591
591
591
591
591
591
592
591
592
592
592
592
592
592
592
591
591
591
591
591
591
591
591
591
591
591
590
591
591
591
591
590
591
591
591
590
591
590
591
590
590
591
591
591
590
590
590
590
590
590
590
590
591
591
590
590
590
590
590
590
590
590
590
590
590
590
590
590
590
591
590
590
590
590
590
591
590
590
591
590
590
590
590
590
590
590
590
590
591
591
590
591
591
591
591
591
591
591
591
591
591
591
591
591
591
591
591
591
591
591
591
591
591
591
591
591
590
590
591
590
590
590
590
590
590
590
590
590
590
590
590
590
590
590
590
590
590
590
590
590
590
590
590
590
590
590
590
590
590
590
590
590
590
590
590
590
590
590
590
590
590
590
590
590
590
590
590
590
590
590
590
590
590
590
590
590
590
590
590
590
590
590
590
590
590
590
590
590
590
590
590
590
590
590
590
590
590
590
590
590
590
590
590
590
590
590
590
590
590
590
590
590
590
590
590
590
590
590
590
590
590
590
590
590
590
590
590
590
590
590
590
590
590
589
589
589
589
590
590
590
589
589
589
589
589
589
589
589
589
589
589
589
589
589
589
589
589
589
589
589
589
589
589
589
589
589
589
589
589
589
589
589
589
589
589
589
589
589
589
589
589
589
589
589
589
589
589
589
589
589
589
589
589
589
589
589
589
589
589
589
589
589
589
589
589
589
589
589
589
589
589
589
589
589
589
589
589
589
589
589
589
589
589
589
589
589
589
589
589
589
589
589
589
589
589
589
589
589
589
589
589
589
589
589
589
589
589
589
589
589
589
589
589
589
589
589
589
589
589
589
589
589
589
589
589
589
589
589
589
589
589
589
589
589
589
589
589
589
589
589
589
589
589
589
589
589
589
589
589
589
589
589
589
589
589
589
589
589
589
589
589
589
589
589
589
589
589
589
589
589
588
589
589
589
589
588
589
588
588
588
588
588
588
588
588
588
588
588
588
588
588
588
588
588
588
588
588
588
588
588
588
588
588
588
588
588
588
588
588
588
588
588
588
588
588
588
588
588
588
588
588
588
588
588
588
588
588
588
588
588
588
588
588
588
588
588
588
588
588
587
587
587
587
587
587
587
587
587
587
587
587
587
587
587
587
587
587
587
587
587
587
587
587
587
587
587
587
587
587
587
587
587
587
587
587
587
587
587
587
587
587
587
587
587
587
587
587
587
587
587
587
587
587
587
587
587
587
587
587
587
587
587
587
587
587
587
587
587
587
587
587
587
587
587
587
587
587
587
587
587
587
587
587
587
587
587
587
587
587
587
587
587
587
587
587
587
587
587
587
587
587
587
587
587
587
587
587
587
587
587
587
587
587
587
587
587
587
587
587
587
587
587
587
587
587
587
587
587
587
587
587
587
587
587
587
587
587
587
587
587
